01 5 5 1 1 1 1 1 1 1 1 2 2 1 1 1 1 1 1 1 5 6 . . 2 . 5 6 1 2 5 2 1 1 5 3 5
02 1 1 2 2 . 3 3 . 3 . . . 1 1 1 2 1 1 2 1 2 3 2 6 6 2 2 6 5 6 5 . . . . .
03 4 3 2 3 3 3 3 2 2 3 3 3 1 1 1 1 1 1 1 3 3 3 4 5 6 4 5 6 4 4 4 3 3 4 3 4
04 5 5 1 1 1 1 1 1 1 1 2 2 1 1 1 1 1 1 1 5 6 1 1 2 1 6 6 1 2 5 2 1 1 5 3 5
05 2 1 1 2 3 1 2 2 2 3 3 3 1 1 1 1 1 1 1 3 4 3 4 4 6 3 4 4 5 2 3 3 5 2 5 2
06 3 4 1 2 2 3 3 2 3 3 3 3 1 1 1 1 1 1 1 2 2 2 2 3 5 2 4 5 6 2 5 3 5 4 5 2
07 3 4 1 2 2 2 3 3 3 3 3 3 1 1 1 1 2 2 2 2 1 1 4 6 6 1 2 6 5 2 5 4 5 5 5 2
08 3 2 2 3 3 3 3 3 3 3 3 3 2 1 1 2 2 1 2 2 1 1 3 5 6 2 3 6 6 2 5 4 4 2 4 2
09 5 4 1 1 1 2 2 2 1 2 2 3 . 1 1 1 . 1 1 3 4 4 4 6 4 4 5 5 5 4 4 3 2 4 3 5
10 3 2 2 3 3 3 3 3 3 3 3 3 2 2 2 2 2 2 2 1 1 1 2 5 6 2 2 6 6 2 5 5 5 1 5 1
